   1.4740128e+01   6.9213229e+00   0.0000000e+00
   1.5569955e+01   8.1387759e+00   0.0000000e+00
   1.2244635e+01   7.1154977e+00   0.0000000e+00
   1.4317660e+01   9.7469669e+00   0.0000000e+00
   1.3426328e+01   1.1410367e+01   0.0000000e+00
   1.2844189e+01   8.0463351e+00   0.0000000e+00
   1.3570756e+01   8.1994027e+00   0.0000000e+00
   1.4089307e+01   8.8419578e+00   0.0000000e+00
   1.6976771e+01   8.6173055e+00   0.0000000e+00
   1.6508428e+01   7.6593169e+00   0.0000000e+00
   1.2451590e+01   9.4690357e+00   0.0000000e+00
   1.7276329e+01   5.5169166e+00   0.0000000e+00
   1.4841153e+01   7.1743035e+00   0.0000000e+00
   1.3630253e+01   9.2582979e+00   0.0000000e+00
   1.3873318e+01   1.1008330e+01   0.0000000e+00
   1.3510837e+01   9.2392702e+00   0.0000000e+00
   1.4478870e+01   5.6500137e+00   0.0000000e+00
   1.5273167e+01   8.1212720e+00   0.0000000e+00
   1.5455095e+01   7.1112413e+00   0.0000000e+00
   1.5539220e+01   6.8032939e+00   0.0000000e+00
   1.4781091e+01   7.2258741e+00   0.0000000e+00
   1.3232396e+01   6.8442100e+00   0.0000000e+00
   1.4877641e+01   6.9997720e+00   0.0000000e+00
   1.6022443e+01   5.6160518e+00   0.0000000e+00
   1.4671375e+01   7.0256281e+00   0.0000000e+00
   1.4976058e+01   7.7171946e+00   0.0000000e+00
   1.4639715e+01   7.9852368e+00   0.0000000e+00
   1.3804387e+01   7.7204076e+00   0.0000000e+00
   1.4370177e+01   7.5478413e+00   0.0000000e+00
   1.3195873e+01   8.4610178e+00   0.0000000e+00
   1.4659255e+01   8.4723666e+00   0.0000000e+00
   1.2212114e+01   1.1136797e+01   0.0000000e+00
   1.2621085e+01   9.7746153e+00   0.0000000e+00
   1.3333838e+01   7.8314016e+00   0.0000000e+00
   1.0756708e+01   1.0668174e+01   0.0000000e+00
   1.5561147e+01   6.7897445e+00   0.0000000e+00
   1.5215559e+01   4.2759304e+00   0.0000000e+00
   1.4418691e+01   3.6829857e+00   0.0000000e+00
   1.6227096e+01   3.8876601e+00   0.0000000e+00
   1.2407047e+01   8.3815037e+00   0.0000000e+00
   1.4207570e+01   6.8118696e+00   0.0000000e+00
   1.4118633e+01   6.6804028e+00   0.0000000e+00
   1.4298878e+01   7.9217110e+00   0.0000000e+00
   1.4642349e+01   6.5256078e+00   0.0000000e+00
   1.3450378e+01   7.1714099e+00   0.0000000e+00
   1.3665136e+01   9.2342758e+00   0.0000000e+00
   1.3443953e+01   9.6471095e+00   0.0000000e+00
   1.3409415e+01   1.2559315e+01   0.0000000e+00
   1.4942062e+01   8.0581820e+00   0.0000000e+00
   1.5080113e+01   7.5620031e+00   0.0000000e+00
   1.3423414e+01   7.2835585e+00   0.0000000e+00
   1.4174965e+01   7.5708957e+00   0.0000000e+00
   1.2811149e+01   8.5059960e+00   0.0000000e+00
   1.3764387e+01   5.0452003e+00   0.0000000e+00
   1.4121829e+01   7.4887094e+00   0.0000000e+00
   1.5157859e+01   8.7327686e+00   0.0000000e+00
   1.3515716e+01   7.2433043e+00   0.0000000e+00
   1.4124262e+01   8.8027773e+00   0.0000000e+00
   1.3278695e+01   1.0095673e+01   0.0000000e+00
   1.4578786e+01   9.5956022e+00   0.0000000e+00
   1.2522515e+01   1.0098216e+01   0.0000000e+00
   1.5162478e+01   3.4640406e+00   0.0000000e+00
   1.4834715e+01   6.5949831e+00   0.0000000e+00
   1.4649865e+01   9.2526778e+00   0.0000000e+00
   1.5346874e+01   8.0172451e+00   0.0000000e+00
   1.4083504e+01   7.9667433e+00   0.0000000e+00
   1.2289950e+01   9.6196324e+00   0.0000000e+00
   1.2692662e+01   1.0631296e+01   0.0000000e+00
   1.2861533e+01   8.8383323e+00   0.0000000e+00
   1.6729771e+01   5.3075171e+00   0.0000000e+00
   1.3474480e+01   7.9474747e+00   0.0000000e+00
   1.4851972e+01   7.2103824e+00   0.0000000e+00
   1.3359209e+01   9.8896998e+00   0.0000000e+00
   1.4682457e+01   8.3803102e+00   0.0000000e+00
   1.2961391e+01   9.4774640e+00   0.0000000e+00
   1.2523814e+01   8.9968046e+00   0.0000000e+00
   1.2758758e+01   7.9866537e+00   0.0000000e+00
   1.4457623e+01   7.8781856e+00   0.0000000e+00
   1.3714272e+01   8.5220987e+00   0.0000000e+00
   1.4503008e+01   5.3017819e+00   0.0000000e+00
   1.5329875e+01   7.6480857e+00   0.0000000e+00
   1.3827792e+01   9.7093762e+00   0.0000000e+00
   1.4252900e+01   7.6807386e+00   0.0000000e+00
   1.4801500e+01   1.0350946e+01   0.0000000e+00
   1.2915289e+01   9.5232142e+00   0.0000000e+00
   1.4906797e+01   6.8109986e+00   0.0000000e+00
   1.4912061e+01   7.2745651e+00   0.0000000e+00
   1.3893884e+01   7.5714604e+00   0.0000000e+00
   1.4095110e+01   8.3744059e+00   0.0000000e+00
   1.2456813e+01   1.0092295e+01   0.0000000e+00
   1.2998002e+01   7.9901566e+00   0.0000000e+00
   1.3875652e+01   8.8644534e+00   0.0000000e+00
   1.3844610e+01   1.1149450e+01   0.0000000e+00
   1.6119746e+01   8.5702356e+00   0.0000000e+00
   1.2920477e+01   9.9839742e+00   0.0000000e+00
   1.4594735e+01   6.2767202e+00   0.0000000e+00
   1.4184608e+01   6.9728389e+00   0.0000000e+00
   1.1945701e+01   9.4516148e+00   0.0000000e+00
   1.3611358e+01   8.0181872e+00   0.0000000e+00
   1.3017845e+01   5.6472425e+00   0.0000000e+00
   1.5597587e+01   4.5509659e+00   0.0000000e+00
   1.2598873e+01   1.0496395e+01   0.0000000e+00
   1.4479157e+01   6.4336986e+00   0.0000000e+00
   1.2416299e+01   1.2428954e+01   0.0000000e+00
   1.5414514e+01   3.4042664e+00   0.0000000e+00
   1.3175292e+01   9.1976906e+00   0.0000000e+00
   1.4489652e+01   7.7562696e+00   0.0000000e+00
   1.5117483e+01   6.1178398e+00   0.0000000e+00
   1.5509725e+01   7.9527058e+00   0.0000000e+00
   1.4202803e+01   6.5093560e+00   0.0000000e+00
   1.1431753e+01   1.0788744e+01   0.0000000e+00
   1.3126977e+01   8.5535328e+00   0.0000000e+00
   1.6174288e+01   4.0439280e+00   0.0000000e+00
   1.4140220e+01   3.6865778e+00   0.0000000e+00
   1.5102869e+01   6.9518632e+00   0.0000000e+00
   1.3551147e+01   1.0229588e+01   0.0000000e+00
   1.5346112e+01   7.6439903e+00   0.0000000e+00
   1.2011975e+01   9.0889505e+00   0.0000000e+00
   1.3458425e+01   9.4743564e+00   0.0000000e+00
   1.3488858e+01   5.8171081e+00   0.0000000e+00
   1.6195325e+01   9.3967275e+00   0.0000000e+00
   1.5272144e+01   5.7996882e+00   0.0000000e+00
   1.5360090e+01   7.3860434e+00   0.0000000e+00
   1.3123604e+01   7.8019516e+00   0.0000000e+00
   1.3456606e+01   8.5334208e+00   0.0000000e+00
   1.4699790e+01   4.2471985e+00   0.0000000e+00
   1.4336477e+01   1.0498577e+01   0.0000000e+00
   1.3449223e+01   9.2305563e+00   0.0000000e+00
   1.3696578e+01   1.1669084e+01   0.0000000e+00
   1.1239848e+01   1.1859249e+01   0.0000000e+00
   1.3640410e+01   8.1998863e+00   0.0000000e+00
   1.3645938e+01   6.5336946e+00   0.0000000e+00
   1.3292397e+01   5.3107117e+00   0.0000000e+00
   1.4499489e+01   7.7799546e+00   0.0000000e+00
   1.4172405e+01   8.2973262e+00   0.0000000e+00
   1.3510570e+01   1.0074901e+01   0.0000000e+00
   1.3141813e+01   6.7648737e+00   0.0000000e+00
   1.4730094e+01   9.0258487e+00   0.0000000e+00
   1.4314465e+01   7.9677699e+00   0.0000000e+00
   1.4087777e+01   6.6021592e+00   0.0000000e+00
   1.3635809e+01   9.5368788e+00   0.0000000e+00
   1.3605177e+01   8.6623072e+00   0.0000000e+00
   1.2367340e+01   8.4048951e+00   0.0000000e+00
   1.2775703e+01   1.1897410e+01   0.0000000e+00
   1.2864014e+01   9.6341621e+00   0.0000000e+00
   1.3075931e+01   8.2690554e+00   0.0000000e+00
   1.2704870e+01   9.1331158e+00   0.0000000e+00
   1.3422920e+01   8.4408704e+00   0.0000000e+00
   1.1910568e+01   9.3485040e+00   0.0000000e+00
   1.4737434e+01   8.4250676e+00   0.0000000e+00
   1.4821819e+01   6.5329339e+00   0.0000000e+00
   1.4378484e+01   6.4159661e+00   0.0000000e+00
   1.3784904e+01   8.7386833e+00   0.0000000e+00
   1.2259291e+01   1.2169265e+01   0.0000000e+00
   1.5172096e+01   6.8770137e+00   0.0000000e+00
   1.4373145e+01   6.0411608e+00   0.0000000e+00
   1.3404743e+01   7.8801741e+00   0.0000000e+00
   1.5593393e+01   6.3562775e+00   0.0000000e+00
   1.3938901e+01   7.4576965e+00   0.0000000e+00
   1.3173212e+01   9.2455505e+00   0.0000000e+00
   1.3771249e+01   7.8868670e+00   0.0000000e+00
   1.3449250e+01   7.2352566e+00   0.0000000e+00
   1.3101755e+01   7.6725303e+00   0.0000000e+00
   1.7187265e+01   4.0919409e+00   0.0000000e+00
   1.6085258e+01   5.4532089e+00   0.0000000e+00
   1.5014036e+01   5.0202301e+00   0.0000000e+00
   1.3000875e+01   7.5965874e+00   0.0000000e+00
   1.3677081e+01   6.2625378e+00   0.0000000e+00
   1.4177045e+01   6.6739499e+00   0.0000000e+00
   1.4942243e+01   7.0009829e+00   0.0000000e+00
   1.3268216e+01   6.2651212e+00   0.0000000e+00
   1.1679814e+01   9.1262090e+00   0.0000000e+00
   1.2380717e+01   9.4052898e+00   0.0000000e+00
   1.4815126e+01   5.9067826e+00   0.0000000e+00
   1.3834392e+01   1.0032168e+01   0.0000000e+00
   1.5244732e+01   4.6019494e+00   0.0000000e+00
   1.4065613e+01   7.2815530e+00   0.0000000e+00
   1.4926032e+01   4.9387830e+00   0.0000000e+00
   1.3696161e+01   7.5488222e+00   0.0000000e+00
   1.5523980e+01   4.9211574e+00   0.0000000e+00
   1.2925723e+01   7.5311773e+00   0.0000000e+00
   1.4825383e+01   6.2910718e+00   0.0000000e+00
   1.3743792e+01   6.0543509e+00   0.0000000e+00
   1.4697543e+01   4.0377234e+00   0.0000000e+00
   1.4270253e+01   8.8537280e+00   0.0000000e+00
   1.4039019e+01   1.1480739e+01   0.0000000e+00
   1.1770697e+01   1.3005475e+01   0.0000000e+00
   1.5506748e+01   6.3853155e+00   0.0000000e+00
   1.4683145e+01   7.5779226e+00   0.0000000e+00
   1.4165008e+01   7.1024388e+00   0.0000000e+00
   1.3766805e+01   8.2495055e+00   0.0000000e+00
   1.4241778e+01   6.2712639e+00   0.0000000e+00
   1.4656626e+01   4.3126208e+00   0.0000000e+00
   1.4041267e+01   7.9155909e+00   0.0000000e+00
   1.4663853e+01   5.5241034e+00   0.0000000e+00
   1.5777280e+01   3.7821000e+00   0.0000000e+00
   1.4339852e+01   1.1985009e+01   0.0000000e+00
   1.4583587e+01   7.2998514e+00   0.0000000e+00
   1.3588346e+01   8.9126181e+00   0.0000000e+00
   1.4028956e+01   1.0072342e+01   0.0000000e+00
   1.5025607e+01   4.5388687e+00   0.0000000e+00
   1.2763658e+01   9.3411808e+00   0.0000000e+00
   1.4698349e+01   8.5288795e+00   0.0000000e+00
   1.4265530e+01   8.0125977e+00   0.0000000e+00
   1.4056276e+01   8.2480086e+00   0.0000000e+00
   1.4779218e+01   6.6864918e+00   0.0000000e+00
   1.3899876e+01   9.3154182e+00   0.0000000e+00
   1.3483485e+01   6.7708596e+00   0.0000000e+00
   1.4235854e+01   6.4884007e+00   0.0000000e+00
   1.3491277e+01   9.5237025e+00   0.0000000e+00
   1.2624716e+01   1.1639095e+01   0.0000000e+00
   1.5875301e+01   6.3861599e+00   0.0000000e+00
   1.3376810e+01   7.4277078e+00   0.0000000e+00
   1.3312148e+01   9.0580553e+00   0.0000000e+00
   1.2751817e+01   1.0500715e+01   0.0000000e+00
   1.2341796e+01   1.0523072e+01   0.0000000e+00
   1.3672688e+01   8.6364108e+00   0.0000000e+00
   1.4043133e+01   6.8682220e+00   0.0000000e+00
   1.5215191e+01   8.4944901e+00   0.0000000e+00
   1.3790592e+01   7.9660449e+00   0.0000000e+00
   1.2247312e+01   1.1286005e+01   0.0000000e+00
   1.6307564e+01   4.3818464e+00   0.0000000e+00
   1.5164063e+01   7.6651238e+00   0.0000000e+00
   1.3125514e+01   1.0694252e+01   0.0000000e+00
   1.2741308e+01   7.7632073e+00   0.0000000e+00
   1.3867785e+01   6.9726640e+00   0.0000000e+00
   1.4310876e+01   6.2107019e+00   0.0000000e+00
   1.4415431e+01   7.3045160e+00   0.0000000e+00
   1.3839099e+01   7.7295319e+00   0.0000000e+00
   1.4375051e+01   8.0517714e+00   0.0000000e+00
   1.4833569e+01   6.0373552e+00   0.0000000e+00
   1.2708052e+01   8.7904153e+00   0.0000000e+00
   1.3353977e+01   7.2662307e+00   0.0000000e+00
   1.3443258e+01   7.6330965e+00   0.0000000e+00
   1.3911268e+01   6.5775679e+00   0.0000000e+00
   1.3820662e+01   7.5953377e+00   0.0000000e+00
   1.2227535e+01   1.5133501e+01   0.0000000e+00
   9.2670565e+00   1.6329653e+01   0.0000000e+00
   1.2969526e+01   1.0522343e+01   0.0000000e+00
   1.4848820e+01   8.9532909e+00   0.0000000e+00
   1.3572367e+01   5.9770760e+00   0.0000000e+00
   1.5226025e+01   6.3639497e+00   0.0000000e+00
   1.4660024e+01   6.5860282e+00   0.0000000e+00
   1.3703344e+01   9.0851050e+00   0.0000000e+00
   1.3940959e+01   8.8747480e+00   0.0000000e+00
   1.2380706e+01   8.9994782e+00   0.0000000e+00
   1.4085603e+01   7.3617003e+00   0.0000000e+00
   1.6066871e+01   5.3463300e+00   0.0000000e+00
   1.4095687e+01   7.9614695e+00   0.0000000e+00
   1.3471799e+01   1.0257612e+01   0.0000000e+00
   1.3052150e+01   9.2218071e+00   0.0000000e+00
   1.3878670e+01   8.3774712e+00   0.0000000e+00
   1.3903607e+01   9.1987860e+00   0.0000000e+00
   1.4134265e+01   8.9552974e+00   0.0000000e+00
   1.4435417e+01   4.9535018e+00   0.0000000e+00
   1.3754158e+01   8.1557760e+00   0.0000000e+00
   1.6236671e+01   6.1362330e+00   0.0000000e+00
   1.2758660e+01   5.0611225e+00   0.0000000e+00
   1.6893722e+01   4.2281721e+00   0.0000000e+00
   1.4497507e+01   7.1914469e+00   0.0000000e+00
   1.4587346e+01   9.1508305e+00   0.0000000e+00
   1.2450482e+01   8.3734966e+00   0.0000000e+00
   1.3278840e+01   8.8195189e+00   0.0000000e+00
   1.4170926e+01   6.3430730e+00   0.0000000e+00
   1.5501367e+01   3.4740367e+00   0.0000000e+00
   1.2282841e+01   9.0229339e+00   0.0000000e+00
   1.4947225e+01   5.8618199e+00   0.0000000e+00
   1.2200858e+01   1.0951603e+01   0.0000000e+00
   1.3198642e+01   1.1437097e+01   0.0000000e+00
   1.4838204e+01   6.9304300e+00   0.0000000e+00
   1.3730628e+01   1.0222198e+01   0.0000000e+00
   1.4605809e+01   9.3659793e+00   0.0000000e+00
   1.5713599e+01   4.6668724e+00   0.0000000e+00
   1.3365770e+01   8.2587412e+00   0.0000000e+00
   1.4126497e+01   8.3937074e+00   0.0000000e+00
   1.2794125e+01   9.5181780e+00   0.0000000e+00
   1.2339818e+01   1.0014468e+01   0.0000000e+00
   1.4587628e+01   8.8863783e+00   0.0000000e+00
   1.3660850e+01   9.3567730e+00   0.0000000e+00
   1.4101371e+01   7.4023000e+00   0.0000000e+00
   1.4721505e+01   8.3029239e+00   0.0000000e+00
   1.5721033e+01   3.1969117e+00   0.0000000e+00
   1.4934377e+01   5.4881980e+00   0.0000000e+00
   1.4649268e+01   9.7788056e+00   0.0000000e+00
   1.5260159e+01   6.2136281e+00   0.0000000e+00
   1.4075984e+01   8.5352365e+00   0.0000000e+00
   1.2555575e+01   1.1361435e+01   0.0000000e+00
   1.3792901e+01   6.5479589e+00   0.0000000e+00
   1.5671744e+01   5.4853798e+00   0.0000000e+00
   1.2634529e+01   7.8204766e+00   0.0000000e+00
   1.3755010e+01   8.8943441e+00   0.0000000e+00
   1.2153535e+01   8.5648951e+00   0.0000000e+00
   1.5509401e+01   5.5341371e+00   0.0000000e+00
   1.5648190e+01   4.4232487e+00   0.0000000e+00
   1.4186293e+01   7.2588958e+00   0.0000000e+00
   1.4039736e+01   7.5931277e+00   0.0000000e+00
   1.1781322e+01   8.1727163e+00   0.0000000e+00
   1.4712158e+01   7.1854695e+00   0.0000000e+00
   1.2355273e+01   6.9053876e+00   0.0000000e+00
   1.1406103e+01   1.0258107e+01   0.0000000e+00
   1.7437492e+01   4.3639129e+00   0.0000000e+00
   1.5442091e+01   9.6237267e+00   0.0000000e+00
   1.7986802e+01   4.8821636e+00   0.0000000e+00
   1.4814426e+01   7.5759989e+00   0.0000000e+00
   1.5030812e+01   7.4892195e+00   0.0000000e+00
   1.7832425e+01   5.7343213e+00   0.0000000e+00
   1.6358496e+01   6.1562162e+00   0.0000000e+00
   1.5335853e+01   8.5092224e+00   0.0000000e+00
   1.7040247e+01   3.4425968e+00   0.0000000e+00
   1.4918221e+01   9.4026115e+00   0.0000000e+00
   1.5364850e+01   7.5186519e+00   0.0000000e+00
   1.6187945e+01   3.8944258e+00   0.0000000e+00
   1.4890928e+01   8.4973111e+00   0.0000000e+00
   1.4464990e+01   8.8369915e+00   0.0000000e+00
   1.5086488e+01   9.4445803e+00   0.0000000e+00
   1.5635473e+01   5.4467116e+00   0.0000000e+00
   1.6622166e+01   8.5578278e+00   0.0000000e+00
   1.6103792e+01   6.4091737e+00   0.0000000e+00
   1.7753118e+01   2.5623456e+00   0.0000000e+00
   1.6248255e+01   4.5175733e+00   0.0000000e+00
   1.5453705e+01   7.8997516e+00   0.0000000e+00
   1.6361768e+01   8.9567921e+00   0.0000000e+00
   1.8060110e+01   2.8994295e+00   0.0000000e+00
   1.6088529e+01   5.7611779e+00   0.0000000e+00
   1.8020861e+01   3.8402293e+00   0.0000000e+00
   1.5535861e+01   9.5216040e+00   0.0000000e+00
   1.6816571e+01   4.0235731e+00   0.0000000e+00
   1.7526248e+01   7.5670111e+00   0.0000000e+00
   1.7847972e+01   3.9830112e+00   0.0000000e+00
   1.6518921e+01   7.0997277e+00   0.0000000e+00
   1.7064386e+01   3.1503628e+00   0.0000000e+00
   1.4711480e+01   9.2697443e+00   0.0000000e+00
   1.6986236e+01   1.6518020e+00   0.0000000e+00
   1.7660743e+01   5.7340294e+00   0.0000000e+00
   1.3767991e+01   7.8527622e+00   0.0000000e+00
   1.5773373e+01   4.6770865e+00   0.0000000e+00
   1.6294426e+01   4.1614841e+00   0.0000000e+00
   1.5843601e+01   7.1445589e+00   0.0000000e+00
   1.4734226e+01   4.8195172e+00   0.0000000e+00
   1.6543186e+01   5.6789912e+00   0.0000000e+00
   1.8139615e+01  -4.3995192e-03   0.0000000e+00
   1.6100390e+01   2.3079684e+00   0.0000000e+00
   1.5763090e+01   6.0401372e+00   0.0000000e+00
   1.4227478e+01   8.8426824e+00   0.0000000e+00
   1.8449301e+01   1.8887180e+00   0.0000000e+00
   1.6034179e+01   7.1705782e+00   0.0000000e+00
   1.5501947e+01   7.1140924e+00   0.0000000e+00
   1.5368778e+01   5.2857908e+00   0.0000000e+00
   1.6110623e+01   5.9028205e+00   0.0000000e+00
   1.6588623e+01   9.5404861e+00   0.0000000e+00
   1.6975550e+01   3.0612083e+00   0.0000000e+00
   1.6113240e+01   6.7835543e+00   0.0000000e+00
   1.4695849e+01   7.0152891e+00   0.0000000e+00
   1.6005086e+01   6.5611052e+00   0.0000000e+00
   1.6779102e+01   5.6001582e+00   0.0000000e+00
   1.4477870e+01   7.2534959e+00   0.0000000e+00
   1.7253949e+01   4.9331820e+00   0.0000000e+00
   1.9312169e+01   1.3803613e+00   0.0000000e+00
   1.4734091e+01   5.6109262e+00   0.0000000e+00
   1.3816131e+01   7.5022094e+00   0.0000000e+00
   1.5798008e+01   6.5538718e+00   0.0000000e+00
   1.6457283e+01   6.8277571e+00   0.0000000e+00
   1.4807853e+01   1.0482763e+01   0.0000000e+00
   1.6668592e+01   2.7709754e+00   0.0000000e+00
   1.5666293e+01   7.3575720e+00   0.0000000e+00
   1.4867478e+01   6.8039625e+00   0.0000000e+00
   1.4375079e+01   6.7459826e+00   0.0000000e+00
   1.7928118e+01   3.8229506e+00   0.0000000e+00
   1.6356377e+01   5.5986429e+00   0.0000000e+00
   1.4472210e+01   7.9545280e+00   0.0000000e+00
   1.6862829e+01   6.3144608e+00   0.0000000e+00
   1.5505463e+01   3.4373469e+00   0.0000000e+00
   1.5425124e+01   7.8733066e+00   0.0000000e+00
   1.6616014e+01   6.1286425e+00   0.0000000e+00
   1.4212168e+01   1.0208815e+01   0.0000000e+00
   1.6206719e+01   3.9499781e+00   0.0000000e+00
   1.6390653e+01   4.5411005e+00   0.0000000e+00
   1.8828467e+01   1.5194397e+00   0.0000000e+00
   1.6457217e+01   5.7777129e+00   0.0000000e+00
   1.5103116e+01   8.1899445e+00   0.0000000e+00
   1.6014100e+01   5.1547536e+00   0.0000000e+00
   1.5979268e+01   5.1019387e+00   0.0000000e+00
   1.7454054e+01   4.7573182e+00   0.0000000e+00
   1.5795900e+01   5.8210877e+00   0.0000000e+00
   1.4696531e+01   8.4428874e+00   0.0000000e+00
   1.6232672e+01   5.9114800e+00   0.0000000e+00
   1.6146683e+01   5.0820089e+00   0.0000000e+00
   1.6475897e+01   6.8727317e+00   0.0000000e+00
   1.7641659e+01   2.7914041e+00   0.0000000e+00
   1.6787790e+01   6.6536982e+00   0.0000000e+00
   1.6750418e+01   5.2634194e+00   0.0000000e+00
   1.5562867e+01   9.9624576e+00   0.0000000e+00
   1.8227683e+01   3.7507343e+00   0.0000000e+00
   1.4628178e+01   7.4271973e+00   0.0000000e+00
   1.5593758e+01   6.4093853e+00   0.0000000e+00
   1.4845325e+01   4.6859754e+00   0.0000000e+00
   1.6481623e+01   7.2913604e+00   0.0000000e+00
   1.7134672e+01   1.5366711e+00   0.0000000e+00
   1.6673715e+01   2.2574476e+00   0.0000000e+00
   1.4933781e+01   4.2413186e+00   0.0000000e+00
   1.5530620e+01   8.5195303e+00   0.0000000e+00
   1.5248283e+01   8.0978052e+00   0.0000000e+00
   1.5270904e+01   4.1746218e+00   0.0000000e+00
   1.4932435e+01   6.2192134e+00   0.0000000e+00
   1.5609717e+01   4.8941803e+00   0.0000000e+00
   1.5633079e+01   6.5916336e+00   0.0000000e+00
   1.3300565e+01   1.1027071e+01   0.0000000e+00
   1.6256343e+01   4.3376627e+00   0.0000000e+00
   1.5641293e+01   9.5897335e+00   0.0000000e+00
   1.5855962e+01   5.2577928e+00   0.0000000e+00
   1.5627923e+01   5.0451832e+00   0.0000000e+00
   1.5999307e+01   7.0672000e+00   0.0000000e+00
   1.6746518e+01   6.8677081e+00   0.0000000e+00
   1.5413494e+01   6.7828961e+00   0.0000000e+00
   1.6267016e+01   3.2984440e+00   0.0000000e+00
   1.4909838e+01   5.3352757e+00   0.0000000e+00
   1.5456278e+01   4.7528811e+00   0.0000000e+00
   1.6862148e+01   4.6720372e+00   0.0000000e+00
   1.6277389e+01   4.4926543e+00   0.0000000e+00
   1.6551667e+01   6.4692975e+00   0.0000000e+00
   1.6164127e+01   7.6881323e+00   0.0000000e+00
   1.6501117e+01   5.3107734e+00   0.0000000e+00
   1.6489535e+01   6.7251457e+00   0.0000000e+00
   1.7144031e+01   6.7560257e+00   0.0000000e+00
   1.6509903e+01   5.9792732e+00   0.0000000e+00
   1.6562254e+01   5.2418905e+00   0.0000000e+00
   1.6228383e+01   4.9362102e+00   0.0000000e+00
   1.5339289e+01   4.2949224e+00   0.0000000e+00
   1.5631807e+01   5.7054410e+00   0.0000000e+00
   1.6246099e+01   6.1560821e+00   0.0000000e+00
   1.4981931e+01   6.1822954e+00   0.0000000e+00
   1.6359232e+01   6.2017161e+00   0.0000000e+00
   1.6299494e+01   5.9311702e+00   0.0000000e+00
   1.5764859e+01   7.2906392e+00   0.0000000e+00
   1.6616685e+01   4.5882808e+00   0.0000000e+00
   1.6083029e+01   5.7512679e+00   0.0000000e+00
   1.5856913e+01   6.4951565e+00   0.0000000e+00
   1.6179284e+01   5.2522097e+00   0.0000000e+00
   1.6789233e+01   6.0961612e+00   0.0000000e+00
   1.6796794e+01   2.4963119e+00   0.0000000e+00
   1.3129565e+01   8.2377285e+00   0.0000000e+00
   1.5282939e+01   7.1667208e+00   0.0000000e+00
   1.6196563e+01   5.8996402e+00   0.0000000e+00
   1.7136192e+01   4.8142614e+00   0.0000000e+00
   1.7596820e+01   4.4438553e+00   0.0000000e+00
   1.5910923e+01   3.0611836e+00   0.0000000e+00
   1.6213010e+01   7.8109994e+00   0.0000000e+00
   1.5920034e+01   7.1525840e+00   0.0000000e+00
   1.6335219e+01   3.9298181e+00   0.0000000e+00
   1.6763372e+01   3.0330995e+00   0.0000000e+00
   1.6164534e+01   5.2435467e+00   0.0000000e+00
   1.5799941e+01   7.2914938e+00   0.0000000e+00
   1.5821262e+01   7.5465056e+00   0.0000000e+00
   1.5061152e+01   7.4049708e+00   0.0000000e+00
   1.4570988e+01   8.0585491e+00   0.0000000e+00
   1.6088323e+01   9.0268920e+00   0.0000000e+00
   1.6632400e+01   2.7012534e+00   0.0000000e+00
   1.7179782e+01   6.2317485e+00   0.0000000e+00
   1.5102965e+01   6.3534856e+00   0.0000000e+00
   1.5780297e+01   4.7993204e+00   0.0000000e+00
   1.7062893e+01   6.7228904e+00   0.0000000e+00
   1.7410364e+01   5.2851704e+00   0.0000000e+00
   1.4370942e+01   8.9147290e+00   0.0000000e+00
   1.6723521e+01   3.8287096e+00   0.0000000e+00
   1.7764895e+01   3.6343088e+00   0.0000000e+00
   1.7116006e+01   6.2004858e+00   0.0000000e+00
   1.5158867e+01   4.8673994e+00   0.0000000e+00
   1.7557760e+01   5.4332773e+00   0.0000000e+00
   1.6862596e+01   4.8653683e+00   0.0000000e+00
   1.5679007e+01   8.0796834e+00   0.0000000e+00
   1.5556087e+01   6.9861374e+00   0.0000000e+00
   1.5237509e+01   5.6689873e+00   0.0000000e+00
   1.6414363e+01   4.6751107e+00   0.0000000e+00
   1.5945708e+01   5.3186039e+00   0.0000000e+00
   1.7113200e+01   9.6326592e+00   0.0000000e+00
   1.6214871e+01   5.8057241e+00   0.0000000e+00
   1.5927884e+01   5.6815502e+00   0.0000000e+00
   1.6084738e+01   5.6119463e+00   0.0000000e+00
   1.4629104e+01   9.3390012e+00   0.0000000e+00
   1.8937904e+01   1.4996838e+00   0.0000000e+00
   1.6080788e+01   7.9064330e+00   0.0000000e+00
   1.6434534e+01   4.5239910e+00   0.0000000e+00
   1.7259950e+01   4.8916352e+00   0.0000000e+00
   1.5628170e+01   7.3713728e+00   0.0000000e+00
   1.6370478e+01   4.1759722e+00   0.0000000e+00
   1.5230522e+01   7.1297436e+00   0.0000000e+00
   1.5421773e+01   6.1586633e+00   0.0000000e+00
   1.8303957e+01   2.4001088e+00   0.0000000e+00
   1.6672342e+01   6.0003645e+00   0.0000000e+00
   1.5796739e+01   7.1173127e+00   0.0000000e+00
   1.7385430e+01   6.4235390e+00   0.0000000e+00
   1.6306625e+01   4.8562198e+00   0.0000000e+00
   1.6298112e+01   5.8227033e+00   0.0000000e+00
   1.4268940e+01   7.9545947e+00   0.0000000e+00
   1.6208555e+01   6.8292359e+00   0.0000000e+00
   1.4747351e+01   5.9449780e+00   0.0000000e+00
   1.5647554e+01   3.9508044e+00   0.0000000e+00
   1.6813079e+01   6.0705124e+00   0.0000000e+00
   1.6192490e+01   6.4593249e+00   0.0000000e+00
   1.4378534e+01   9.4328773e+00   0.0000000e+00
   1.6378773e+01   3.0914620e+00   0.0000000e+00
   1.6433582e+01   5.1631988e+00   0.0000000e+00
   1.6002912e+01   6.7584425e+00   0.0000000e+00
   1.4339298e+01   6.6527643e+00   0.0000000e+00
   1.3779861e+01   1.0660414e+01   0.0000000e+00
   1.4410692e+01   6.1520331e+00   0.0000000e+00
   1.7109396e+01   1.3086961e+00   0.0000000e+00
   1.3913956e+01   8.3202741e+00   0.0000000e+00
   1.7401392e+01   2.8510179e+00   0.0000000e+00
   1.4337088e+01   9.1325081e+00   0.0000000e+00
   1.4691660e+01   7.3608642e+00   0.0000000e+00
   1.7962643e+01   4.4163876e+00   0.0000000e+00
   1.8652416e+01   2.9586794e+00   0.0000000e+00
   1.4252050e+01   1.0124330e+01   0.0000000e+00
   1.5808181e+01   6.6376017e+00   0.0000000e+00
   1.8207555e+01   4.0402926e+00   0.0000000e+00
   1.5807175e+01   4.8803666e+00   0.0000000e+00
   1.7807700e+01   4.7804629e+00   0.0000000e+00
   1.6191667e+01   8.1026625e+00   0.0000000e+00
   1.5100149e+01   9.7937268e+00   0.0000000e+00
   1.5633278e+01   6.2309486e+00   0.0000000e+00
   1.7479585e+01   6.0076842e+00   0.0000000e+00
   1.6549368e+01   6.2912045e+00   0.0000000e+00
   1.6191720e+01   3.0184459e+00   0.0000000e+00
   1.6322557e+01   6.0843128e+00   0.0000000e+00
   1.5371060e+01   5.4428953e+00   0.0000000e+00
   1.6362832e+01   5.0699812e+00   0.0000000e+00
   1.7607315e+01   4.9323123e+00   0.0000000e+00
   1.7977253e+01  -4.7543996e-02   0.0000000e+00
   1.5607604e+01   4.9107494e+00   0.0000000e+00
   1.5969877e+01   7.3384384e+00   0.0000000e+00
   1.5241801e+01   6.5904870e+00   0.0000000e+00
   1.8277268e+01   3.9585313e+00   0.0000000e+00
   1.4376730e+01   6.2151329e+00   0.0000000e+00
   1.5880489e+01   4.1697695e+00   0.0000000e+00
   1.7120148e+01   4.2194955e+00   0.0000000e+00
   1.5471157e+01   5.2441771e+00   0.0000000e+00
   1.6110951e+01   5.6188051e+00   0.0000000e+00
   1.6360555e+01   6.8486536e+00   0.0000000e+00
   1.7268219e+01   5.3290678e+00   0.0000000e+00
   1.5112801e+01   6.3040174e+00   0.0000000e+00
   1.6247880e+01   4.4139093e+00   0.0000000e+00
   1.5039017e+01   8.1930764e+00   0.0000000e+00
   1.5768028e+01   6.5280726e+00   0.0000000e+00
   1.6086463e+01   6.9473520e+00   0.0000000e+00
   1.5271740e+01   6.7478881e+00   0.0000000e+00
   1.6396260e+01   7.2153645e+00   0.0000000e+00
   1.5670433e+01   8.8117055e+00   0.0000000e+00
   1.5743486e+01   5.3728985e+00   0.0000000e+00
   1.6004671e+01   6.9471453e+00   0.0000000e+00
   1.6644577e+01   6.8664862e+00   0.0000000e+00
   1.6997491e+01   5.4859125e+00   0.0000000e+00
   1.5712238e+01   9.4897781e+00   0.0000000e+00
   1.6424310e+01   4.0752675e+00   0.0000000e+00
   1.5622966e+01   5.3377909e+00   0.0000000e+00
   1.6185155e+01   6.0437438e+00   0.0000000e+00
   1.5520763e+01   6.2854701e+00   0.0000000e+00
   1.5779305e+01   5.7204757e+00   0.0000000e+00
   1.7164668e+01   4.5781816e+00   0.0000000e+00
   1.7034732e+01   6.9256619e+00   0.0000000e+00
   1.6626034e+01   5.5812773e+00   0.0000000e+00
   1.8456652e+01   3.3598371e+00   0.0000000e+00
   1.3614331e+01   1.0190301e+01   0.0000000e+00
   1.5566608e+01   7.8129729e+00   0.0000000e+00
   1.5350864e+01   8.9300410e+00   0.0000000e+00
   1.7627900e+01   5.1392407e+00   0.0000000e+00
   1.5543361e+01   9.5810119e+00   0.0000000e+00
   1.5216321e+01   8.0012743e+00   0.0000000e+00
   1.7458266e+01   2.1066943e+00   0.0000000e+00
   1.7275097e+01   3.1481626e+00   0.0000000e+00
   1.5890810e+01   7.0759487e+00   0.0000000e+00
   1.4030618e+01   6.7813623e+00   0.0000000e+00
   1.7094987e+01   5.2008350e+00   0.0000000e+00
   1.1971073e+01   9.8953100e+00   0.0000000e+00
   1.5258395e+01   9.3496332e+00   0.0000000e+00
   1.4253051e+01   7.5581364e+00   0.0000000e+00
   1.5581223e+01   6.4322186e+00   0.0000000e+00
   1.6273092e+01   9.8025833e+00   0.0000000e+00
   1.5491864e+01   6.2353816e+00   0.0000000e+00
   1.8142454e+01   4.1403118e+00   0.0000000e+00
   1.7075935e+01   4.4206956e+00   0.0000000e+00
   1.6121380e+01   4.6518884e+00   0.0000000e+00
   1.5055621e+01   6.6151560e+00   0.0000000e+00
   1.5934526e+01   4.5262372e+00   0.0000000e+00
   1.7303700e+01   2.0959316e+00   0.0000000e+00
   1.4271911e+01   4.6154923e+00   0.0000000e+00
   1.6396961e+01   6.5648733e+00   0.0000000e+00
   1.5733824e+01   8.0428331e+00   0.0000000e+00
   1.6217564e+01   7.9957718e+00   0.0000000e+00
   1.6891075e+01   9.6019740e+00   0.0000000e+00
   1.6218245e+01   3.9939135e+00   0.0000000e+00
   1.4337191e+01   9.2193396e+00   0.0000000e+00
   1.7138794e+01   5.5735434e+00   0.0000000e+00
   1.7128474e+01   4.6171442e+00   0.0000000e+00
   1.6070259e+01   5.2187060e+00   0.0000000e+00
   1.4961717e+01   8.0759845e+00   0.0000000e+00
   1.5924042e+01   7.1750414e+00   0.0000000e+00
   1.5773307e+01   2.9525340e+00   0.0000000e+00
   1.5553746e+01   8.0163455e+00   0.0000000e+00
   1.4949459e+01   7.9694268e+00   0.0000000e+00
   1.0094706e+01   5.7089203e-01   1.0000000e+00
   8.0859805e+00   2.1611990e+00   1.0000000e+00
   1.3873211e+01   5.3819207e-01   1.0000000e+00
   9.4888203e+00   2.9614697e+00   1.0000000e+00
   1.5040964e+01   1.9897416e+00   1.0000000e+00
   1.1185785e+01   2.9770156e+00   1.0000000e+00
   1.0778311e+01   4.1743277e-01   1.0000000e+00
   1.6121272e+01   3.5614685e+00   1.0000000e+00
   1.2700386e+01   1.6639258e+00   1.0000000e+00
   1.0771390e+01   1.7703563e+00   1.0000000e+00
   9.4376159e+00   1.3443277e+00   1.0000000e+00
   1.0649721e+01   2.8516963e+00   1.0000000e+00
   1.3740544e+01   4.8240524e+00   1.0000000e+00
   1.4810232e+01   3.5982880e+00   1.0000000e+00
   1.2152868e+01   2.0585782e+00   1.0000000e+00
   1.0296958e+01   7.3075875e-01   1.0000000e+00
   1.3031525e+01   2.2267020e+00   1.0000000e+00
   1.3714357e+01   7.0493494e-01   1.0000000e+00
   1.0708806e+01   1.7424655e+00   1.0000000e+00
   1.6612001e+01   3.8460473e+00   1.0000000e+00
   1.0880907e+01   1.7594680e+00   1.0000000e+00
   1.5052697e+01   4.0586505e+00   1.0000000e+00
   1.4755581e+01   1.5432508e+00   1.0000000e+00
   1.2301146e+01   2.6733076e+00   1.0000000e+00
   1.1845014e+01   2.4696663e+00   1.0000000e+00
   1.4195989e+01   1.6139033e-01   1.0000000e+00
   6.4324697e+00   6.7608178e-01   1.0000000e+00
   1.2402696e+01   3.5174996e+00   1.0000000e+00
   1.1866079e+01   3.1405750e-01   1.0000000e+00
   1.3050786e+01   1.8798040e+00   1.0000000e+00
   9.0531461e+00   2.7316807e-01   1.0000000e+00
   7.4756235e+00   1.0769561e-01   1.0000000e+00
   3.8084256e+00  -1.7369201e-01   1.0000000e+00
   1.3882247e+01   3.3982381e+00   1.0000000e+00
   1.5235989e+01   2.3332495e+00   1.0000000e+00
   1.0779249e+01   2.4279001e+00   1.0000000e+00
   1.8971422e+01   1.8810053e+00   1.0000000e+00
   1.0039682e+01   1.6207497e+00   1.0000000e+00
   8.3172475e+00   2.8620769e+00   1.0000000e+00
   1.1176693e+01   2.5079277e-02   1.0000000e+00
   1.2089801e+01   8.9396638e-01   1.0000000e+00
   1.4353230e+01   3.7355713e+00   1.0000000e+00
   1.2871448e+01   4.5779530e+00   1.0000000e+00
   9.4501801e+00   4.7613124e-01   1.0000000e+00
   7.5627150e+00   2.2020139e+00   1.0000000e+00
   9.8658578e+00  -4.6324937e-02   1.0000000e+00
   8.1060787e+00   2.5774295e+00   1.0000000e+00
   1.4210723e+01   2.4167701e+00   1.0000000e+00
   1.1384980e+01   4.4822663e-01   1.0000000e+00
   6.5936725e+00   2.2075482e+00   1.0000000e+00
   1.3476134e+01   4.0064299e+00   1.0000000e+00
   9.1854942e+00   1.4868700e+00   1.0000000e+00
   1.5781543e+01   1.0571664e+00   1.0000000e+00
   1.1821204e+01   3.3870991e-01   1.0000000e+00
   1.2315135e+01   2.0594488e-01   1.0000000e+00
   9.7573986e+00   2.3614691e+00   1.0000000e+00
   1.3670867e+01   2.6659946e+00   1.0000000e+00
   1.1959636e+01   8.4410529e-01   1.0000000e+00
   1.2874710e+01   3.1958929e+00   1.0000000e+00
   1.0719505e+01   3.0554241e-01   1.0000000e+00
   1.4376349e+01   4.4240583e+00   1.0000000e+00
   4.0440618e+00  -1.9233605e+00   1.0000000e+00
   1.2414909e+01   1.6390424e+00   1.0000000e+00
   1.5370613e+01   3.4444264e+00   1.0000000e+00
   1.1431683e+01   1.9612126e+00   1.0000000e+00
   1.3749122e+01   2.2470452e+00   1.0000000e+00
   1.0060958e+01   1.0585711e+00   1.0000000e+00
   1.3107822e+01   4.9997108e+00   1.0000000e+00
   1.0109969e+01   1.1343042e+00   1.0000000e+00
   1.5644477e+01   3.3905050e+00   1.0000000e+00
   1.3773205e+01   3.9578677e+00   1.0000000e+00
   1.6025853e+01   1.9031394e+00   1.0000000e+00
   1.2309314e+01   4.1604404e+00   1.0000000e+00
   1.1955245e+01   2.6480731e+00   1.0000000e+00
   1.2493572e+01  -1.3771234e-01   1.0000000e+00
   1.6203789e+01   1.7276037e+00   1.0000000e+00
   4.7859919e+00   1.0651330e+00   1.0000000e+00
   7.1617151e+00   2.4539186e+00   1.0000000e+00
   1.6014072e+01   3.4490867e+00   1.0000000e+00
   1.7889723e+01   3.6136566e+00   1.0000000e+00
   1.0951579e+01  -2.3193036e-01   1.0000000e+00
   1.5603715e+01   1.1751595e-01   1.0000000e+00
   1.8914233e+01   4.6693255e+00   1.0000000e+00
   1.2816122e+01   3.2920787e+00   1.0000000e+00
   1.0757074e+01   2.4816187e+00   1.0000000e+00
   1.1032275e+01   4.1761264e+00   1.0000000e+00
   1.1785696e+01   4.6935842e+00   1.0000000e+00
   1.4164333e+01   1.0811581e+00   1.0000000e+00
   1.1500629e+01   2.0116601e+00   1.0000000e+00
   1.8241248e+01   3.2577939e+00   1.0000000e+00
   1.1017066e+01   2.0786437e+00   1.0000000e+00
   9.9132736e+00   2.0894511e+00   1.0000000e+00
   1.3691805e+01   2.4545880e+00   1.0000000e+00
   1.3031904e+01   3.7004503e+00   1.0000000e+00
   1.2562962e+01  -1.9843276e+00   1.0000000e+00
   5.7166034e+00   1.3629994e+00   1.0000000e+00
   1.1474863e+01   1.5793498e+00   1.0000000e+00
   6.3588124e+00   7.4688633e-01   1.0000000e+00
   1.2599219e+01   2.2716157e+00   1.0000000e+00
   1.4455230e+01   3.0308132e+00   1.0000000e+00
   1.5453255e+01   1.9264631e+00   1.0000000e+00
   1.4264343e+01   2.2530906e+00   1.0000000e+00
   1.2957257e+01  -3.2965345e-01   1.0000000e+00
   1.3992026e+01   5.6119487e-01   1.0000000e+00
   1.1718023e+01   1.4230355e+00   1.0000000e+00
   1.1833381e+01   1.7328780e+00   1.0000000e+00
   1.4741249e+01   7.0566854e-01   1.0000000e+00
   1.4907658e+01   5.5521865e-01   1.0000000e+00
   1.0771384e+01   2.7781262e+00   1.0000000e+00
   6.6486094e+00   1.6630591e+00   1.0000000e+00
   5.5271029e+00   3.3767581e+00   1.0000000e+00
   7.2959859e+00   2.3318346e+00   1.0000000e+00
   8.6500935e+00  -4.8475352e-02   1.0000000e+00
   1.2675781e+01  -1.1937247e+00   1.0000000e+00
   9.7142483e+00   1.9761028e+00   1.0000000e+00
   1.1675854e+01   1.6336873e+00   1.0000000e+00
   1.3274541e+01   2.9426565e+00   1.0000000e+00
   8.1155591e+00   2.9550950e+00   1.0000000e+00
   9.3891955e+00   1.4446499e+00   1.0000000e+00
   9.7964912e+00   1.9983660e+00   1.0000000e+00
   9.3782245e+00   6.7742695e-01   1.0000000e+00
   1.1042640e+01   3.6701648e+00   1.0000000e+00
   1.4377104e+01   2.3139816e+00   1.0000000e+00
   1.0317810e+01   1.0488748e+00   1.0000000e+00
   1.3945695e+01   1.5221129e+00   1.0000000e+00
   1.3566463e+01   4.8295073e+00   1.0000000e+00
   1.2727955e+01   2.8194947e+00   1.0000000e+00
   1.5051229e+01   2.9231701e+00   1.0000000e+00
   1.8521561e+01   3.1474407e+00   1.0000000e+00
   1.6538297e+01   3.1216950e+00   1.0000000e+00
   7.3895748e+00   2.2331714e+00   1.0000000e+00
   1.3591648e+01   2.1685379e+00   1.0000000e+00
   8.7729442e+00   4.1933326e+00   1.0000000e+00
   5.8957824e+00   1.0376175e+00   1.0000000e+00
   8.1148420e+00   3.7163018e-01   1.0000000e+00
   5.3304381e+00   7.2629941e-01   1.0000000e+00
   8.9610648e+00   3.4350666e+00   1.0000000e+00
   1.6297347e+01   3.5785700e+00   1.0000000e+00
   1.0922128e+01   3.6149969e+00   1.0000000e+00
   1.9977920e+01   2.4829872e+00   1.0000000e+00
   1.3217732e+01   2.3436499e+00   1.0000000e+00
   1.4467699e+01  -4.2026550e-01   1.0000000e+00
   1.1845697e+01   3.3745969e+00   1.0000000e+00
   1.1129019e+01   1.7548957e+00   1.0000000e+00
   9.6667075e+00   1.8490474e+00   1.0000000e+00
   1.2786498e+01   3.5684868e+00   1.0000000e+00
   7.4691822e+00   1.1450605e+00   1.0000000e+00
   9.5790529e+00   2.3912420e+00   1.0000000e+00
   8.5769719e+00   6.0246083e-01   1.0000000e+00
   1.2345463e+01   1.2527425e+00   1.0000000e+00
   1.6710204e+01   3.2672643e+00   1.0000000e+00
   1.8409055e+01   2.3296004e+00   1.0000000e+00
   6.2631984e+00  -8.7518643e-01   1.0000000e+00
   1.2878882e+01   1.2972266e+00   1.0000000e+00
   1.0910548e+01   6.1680333e+00   1.0000000e+00
   8.9034138e+00   2.4147973e+00   1.0000000e+00
   1.2374670e+01   2.3536616e+00   1.0000000e+00
   1.0461702e+01   1.2449186e+00   1.0000000e+00
   1.1607521e+01  -7.1384081e-01   1.0000000e+00
   1.4346197e+01   2.4339492e+00   1.0000000e+00
   8.2698694e+00  -2.8990890e+00   1.0000000e+00
   1.1264854e+01   5.6911463e-01   1.0000000e+00
   6.4623916e+00  -6.9279087e-01   1.0000000e+00
   1.0786254e+01   1.5650835e+00   1.0000000e+00
   1.5288641e+01   3.9070814e+00   1.0000000e+00
   6.9176898e+00   2.2502151e+00   1.0000000e+00
   1.3039453e+01   1.4517564e+00   1.0000000e+00
   7.4560386e+00  -8.4540694e-01   1.0000000e+00
   1.2497032e+01   1.2659461e+00   1.0000000e+00
   1.0293452e+01   8.6545015e-02   1.0000000e+00
   1.1293259e+01   2.5606642e+00   1.0000000e+00
   7.0126475e+00   6.4040245e-01   1.0000000e+00
   9.6918175e+00   3.8517955e+00   1.0000000e+00
   1.1385723e+01   1.7660282e+00   1.0000000e+00
   1.1759379e+01  -2.5678662e-01   1.0000000e+00
   1.1449831e+01   2.0614602e+00   1.0000000e+00
   1.0291521e+01   2.8836826e+00   1.0000000e+00
   1.5836882e+01   1.6546582e+00   1.0000000e+00
   1.1601931e+01   2.8682685e+00   1.0000000e+00
   9.7741006e+00   2.2761870e+00   1.0000000e+00
   9.8393928e+00   2.3490769e+00   1.0000000e+00
   1.1675239e+01   1.4874963e+00   1.0000000e+00
   1.4748719e+01   2.0872345e+00   1.0000000e+00
   1.0686017e+01   1.6712287e+00   1.0000000e+00
   1.4576153e+01   2.0687515e+00   1.0000000e+00
   1.2242853e+01  -1.1564344e-01   1.0000000e+00
   1.0304542e+01   1.8036032e+00   1.0000000e+00
   9.1912023e+00  -3.0821892e-02   1.0000000e+00
   1.2570416e+01   2.2451231e+00   1.0000000e+00
   1.1340085e+01   2.1933390e-01   1.0000000e+00
   9.6938578e+00   3.7726507e+00   1.0000000e+00
   9.8632646e+00   2.9931599e+00   1.0000000e+00
   1.3455627e+01   1.3529488e+00   1.0000000e+00
   1.4184376e+01   5.2534181e+00   1.0000000e+00
   1.1407606e+01   3.6156156e+00   1.0000000e+00
   1.4734402e+01   3.5279341e+00   1.0000000e+00
   1.0328353e+01  -1.2141083e+00   1.0000000e+00
   1.1273766e+01   6.6718184e-02   1.0000000e+00
   1.5493781e+01   1.3170253e+00   1.0000000e+00
   1.0281929e+01   1.3464832e+00   1.0000000e+00
   5.4776683e+00  -5.8021367e-01   1.0000000e+00
   8.3298837e+00   2.5959569e+00   1.0000000e+00
   1.2715733e+01   1.3031866e+00   1.0000000e+00
   1.1303012e+01   1.6872046e+00   1.0000000e+00
   2.0089457e+01   2.0025835e+00   1.0000000e+00
   7.7282923e+00   1.4430879e+00   1.0000000e+00
   1.1680047e+01   3.9851092e+00   1.0000000e+00
   1.1571611e+01  -7.3363195e-01   1.0000000e+00
   7.5900724e+00   1.4565448e-01   1.0000000e+00
   1.5096288e+01   1.6173843e+00   1.0000000e+00
   1.4398215e+01   3.0552892e+00   1.0000000e+00
   1.6321656e+01   9.2823049e-01   1.0000000e+00
   1.3905132e+01   1.4190855e+00   1.0000000e+00
   1.5605402e+00   1.9901752e+00   1.0000000e+00
   8.7304601e+00  -1.3201802e-01   1.0000000e+00
   1.3249654e+01   3.6649506e+00   1.0000000e+00
   9.6574468e+00   2.2687473e+00   1.0000000e+00
   1.3021085e+01   2.9398798e+00   1.0000000e+00
   1.1796820e+01   1.9577952e+00   1.0000000e+00
   1.0058274e+01   3.3957303e-01   1.0000000e+00
   1.1724310e+01  -3.7887459e-01   1.0000000e+00
   1.3584935e+01   2.3839632e+00   1.0000000e+00
   1.5643955e+01   3.4162648e+00   1.0000000e+00
   9.5354255e+00   2.8181205e+00   1.0000000e+00
   1.0258869e+01   1.6993996e+00   1.0000000e+00
   1.0332512e+01   4.2560118e+00   1.0000000e+00
   1.4599196e+01   2.5319105e+00   1.0000000e+00
   1.6596985e+01   1.8673099e+00   1.0000000e+00
   1.5198730e+01   2.4745505e+00   1.0000000e+00
   1.5838250e+01   1.4783489e+00   1.0000000e+00
   1.2954085e+01   3.1060784e+00   1.0000000e+00
   1.0061908e+01   4.0946174e+00   1.0000000e+00
   1.4351269e+01   3.7640536e+00   1.0000000e+00
   1.7253618e+01   2.8903064e+00   1.0000000e+00
   1.3109937e+01   1.1061241e-01   1.0000000e+00
   1.4596633e+01   1.3237560e+00   1.0000000e+00
   7.4904198e+00   2.1415171e+00   1.0000000e+00
   1.3690188e+01   2.0564168e+00   1.0000000e+00
   1.1952965e+01   4.0274772e+00   1.0000000e+00
   1.3858243e+01   3.1572827e+00   1.0000000e+00
   1.5400245e+01   2.3249486e-01   1.0000000e+00
   1.0271656e+01   2.7576402e+00   1.0000000e+00
   1.6718387e+01   3.4546947e+00   1.0000000e+00
   9.6950293e+00   4.3430323e+00   1.0000000e+00
   1.2148093e+01   2.1402381e+00   1.0000000e+00
   1.2999771e+01   2.4866096e+00   1.0000000e+00
   1.4727846e+01  -4.3066767e-02   1.0000000e+00
   1.0892459e+01   1.2125475e+00   1.0000000e+00
   8.7443128e+00  -5.2108606e-01   1.0000000e+00
   1.6205453e+01   2.2030367e+00   1.0000000e+00
   1.2854086e+01   9.3957960e-01   1.0000000e+00
   5.8725432e+00  -5.0621910e-01   1.0000000e+00
   1.2958422e+01   2.0892489e+00   1.0000000e+00
   6.6460296e+00   2.2877402e-01   1.0000000e+00
   1.4753082e+01   4.1389466e+00   1.0000000e+00
   1.6829715e+01   5.7572253e+00   1.0000000e+00
   1.1497465e+01   2.1741597e+00   1.0000000e+00
   9.3594980e+00   2.1508724e+00   1.0000000e+00
   1.5093286e+01  -5.6943847e-01   1.0000000e+00
   1.0917108e+01   4.0928801e+00   1.0000000e+00
   9.3574365e+00   8.1871997e-01   1.0000000e+00
   8.3319579e+00   2.2078167e+00   1.0000000e+00
   7.5366665e+00   1.2577585e+00   1.0000000e+00
   1.2930406e+01   2.5980767e+00   1.0000000e+00
   1.0978843e+01   1.7708877e+00   1.0000000e+00
   1.4404661e+01   2.4325836e+00   1.0000000e+00
   1.1510701e+01   3.8690682e-01   1.0000000e+00
   1.1410749e+01   2.1361363e+00   1.0000000e+00
   6.3890924e+00  -7.4899470e-01   1.0000000e+00
   9.6410383e+00   1.6045110e+00   1.0000000e+00
   1.2368066e+01   2.3052133e+00   1.0000000e+00
   1.0632031e+01   1.4538880e+00   1.0000000e+00
   1.5922856e+01   2.8710933e+00   1.0000000e+00
   6.7712070e+00   2.7780639e+00   1.0000000e+00
   1.0978207e+01  -4.4535716e-01   1.0000000e+00
   1.1907119e+01  -1.4866834e-01   1.0000000e+00
   9.6469945e+00   8.5362919e-01   1.0000000e+00
   1.2464471e+01   2.6759125e+00   1.0000000e+00
   1.7087513e+01   3.0169350e+00   1.0000000e+00
   8.7422314e+00   1.1518722e+00   1.0000000e+00
   1.1121387e+01   2.7648927e+00   1.0000000e+00
   8.3663901e+00   4.6924343e+00   1.0000000e+00
   1.3860098e+01   5.9980721e-01   1.0000000e+00
   8.1280106e+00   3.6905621e-01   1.0000000e+00
   8.8764185e+00  -1.0024525e+00   1.0000000e+00
   1.6308943e+01   2.6273021e+00   1.0000000e+00
   1.4708699e+01   3.4392164e+00   1.0000000e+00
   9.6206392e+00   1.2159577e+00   1.0000000e+00
   1.5376644e+01   3.9400366e+00   1.0000000e+00
   9.9532436e+00   1.4549300e+00   1.0000000e+00
   1.2391193e+01   2.3973647e+00   1.0000000e+00
   1.7807265e+01   4.0711352e+00   1.0000000e+00
   1.8947864e+01   3.5590186e+00   1.0000000e+00
   1.0765250e+01   2.3405821e+00   1.0000000e+00
   1.2337910e+01   4.1307118e+00   1.0000000e+00
   1.4843055e+01   9.4063944e-01   1.0000000e+00
   1.3683111e+01   1.4851319e+00   1.0000000e+00
   1.1389795e+01   2.3743947e+00   1.0000000e+00
   1.1264478e+01   1.4015953e+00   1.0000000e+00
   9.4787575e+00   9.1900645e-01   1.0000000e+00
   5.4001733e+00   2.3989789e+00   1.0000000e+00
   1.1377754e+01   1.1915519e+00   1.0000000e+00
   8.5249126e+00   2.2332317e+00   1.0000000e+00
   1.1261167e+01   1.6565610e+00   1.0000000e+00
   1.9274157e+01   2.0867862e+00   1.0000000e+00
   1.2238834e+01   2.6960471e+00   1.0000000e+00
   1.6615913e+01   2.8895058e+00   1.0000000e+00
   8.0757445e+00  -1.2937749e+00   1.0000000e+00
   1.5725001e+01   1.8740870e+00   1.0000000e+00
   6.6555734e+00  -1.2000390e-01   1.0000000e+00
   1.1193790e+01   2.0838656e+00   1.0000000e+00
   1.2657021e+01   1.0110278e+00   1.0000000e+00
   1.3856060e+01   2.1647922e+00   1.0000000e+00
   1.2003286e+01   3.8430882e+00   1.0000000e+00
   9.2638545e+00   4.2279621e+00   1.0000000e+00
   8.5865351e+00   2.8325159e+00   1.0000000e+00
   9.3540920e+00  -6.1382683e-01   1.0000000e+00
   9.3826611e+00   3.8950482e+00   1.0000000e+00
   1.0585263e+01   3.4388816e+00   1.0000000e+00
   9.2244604e+00   2.0950000e+00   1.0000000e+00
   1.6455314e+01   6.0183255e+00   1.0000000e+00
   1.2671462e+01   1.3895466e+00   1.0000000e+00
   1.3388506e+01   4.7755649e+00   1.0000000e+00
   9.1510983e+00   8.8555824e-02   1.0000000e+00
   1.2711265e+01   1.4871955e+00   1.0000000e+00
   1.2617270e+01   3.3807190e-01   1.0000000e+00
   9.3606368e+00   2.5631066e+00   1.0000000e+00
   8.5416615e+00   2.1891617e+00   1.0000000e+00
   5.9998282e+00   4.4269256e-01   1.0000000e+00
   1.4196288e+01   1.5138099e-01   1.0000000e+00
   8.1542709e+00  -2.3500649e+00   1.0000000e+00
   1.1854127e+01   5.8358941e-01   1.0000000e+00
   1.1818974e+01  -1.2686064e-01   1.0000000e+00
   1.2471974e+01   3.0189901e+00   1.0000000e+00
   1.0408615e+01   3.4246802e+00   1.0000000e+00
   1.0720297e+01  -1.0711495e+00   1.0000000e+00
   1.0555039e+01  -7.1315600e-01   1.0000000e+00
   1.5905028e+01   1.6864490e+00   1.0000000e+00
   8.8156505e+00   3.0741509e+00   1.0000000e+00
   1.1758223e+01   3.8180237e+00   1.0000000e+00
   1.5640349e+01   4.5256303e+00   1.0000000e+00
   1.3144287e+01   1.5317347e+00   1.0000000e+00
   8.5380878e+00   6.8711665e-01   1.0000000e+00
   1.4069328e+01   6.8731109e-01   1.0000000e+00
   4.0597711e+00   2.0158442e+00   1.0000000e+00
   1.0751670e+01   2.9994214e+00   1.0000000e+00
   1.6244198e+01   1.7510602e-01   1.0000000e+00
   1.3453434e+01   1.9397980e+00   1.0000000e+00
   1.4215433e+01   1.4405209e+00   1.0000000e+00
   1.1901788e+01   2.8753519e+00   1.0000000e+00
   1.1202518e+01   3.6017689e+00   1.0000000e+00
   1.4447603e+01   4.0080434e+00   1.0000000e+00
   1.9097426e+01   3.4263539e+00   1.0000000e+00
   1.1069187e+01   1.2914036e+00   1.0000000e+00
   1.6167765e+01   1.7146227e+00   1.0000000e+00
   1.0029792e+01   7.6706271e-02   1.0000000e+00
   1.1059089e+01   3.6175001e+00   1.0000000e+00
   1.3682698e+01   8.4768372e-01   1.0000000e+00
   8.7096398e+00  -1.1916277e+00   1.0000000e+00
   1.4578723e+01   1.0421646e+00   1.0000000e+00
   7.3855171e+00   3.6716034e+00   1.0000000e+00
   4.8136043e+00   1.6530228e+00   1.0000000e+00
   1.1413209e+01   1.4021859e+00   1.0000000e+00
   1.3047935e+01   2.4051114e+00   1.0000000e+00
   1.5942742e+01   2.9652799e+00   1.0000000e+00
   1.2490389e+01   2.6928208e+00   1.0000000e+00
   1.4809203e+01   2.0159056e+00   1.0000000e+00
   1.3407008e+01   5.4988021e+00   1.0000000e+00
   1.4355960e+01   3.7911987e+00   1.0000000e+00
   8.3506055e+00  -2.0060509e+00   1.0000000e+00
   1.1485355e+01   5.4995783e-01   1.0000000e+00
   1.0196883e+01   1.7719259e+00   1.0000000e+00
   1.1438186e+01   2.6746703e+00   1.0000000e+00
   1.8804525e+01   2.2618685e+00   1.0000000e+00
   7.7737723e+00   1.5099563e+00   1.0000000e+00
   1.2005057e+01   1.5228802e+00   1.0000000e+00
   1.0642388e+01  -7.0818892e-02   1.0000000e+00
   1.3777077e+01   5.3084569e+00   1.0000000e+00
   1.7319200e+01   2.2436196e+00   1.0000000e+00
   1.5434341e+01   5.7606809e+00   1.0000000e+00
   9.7621930e+00   4.6759735e-01   1.0000000e+00
   7.6215452e+00   1.1840926e+00   1.0000000e+00
   1.4151327e+01   2.9113605e-01   1.0000000e+00
   8.7669652e+00   4.1895891e-01   1.0000000e+00
   1.0124822e+01   3.1384777e+00   1.0000000e+00
   1.3622780e+01   3.2732525e+00   1.0000000e+00
   7.1700134e+00   2.3005713e-01   1.0000000e+00
   1.6714030e+01   2.6933148e+00   1.0000000e+00
   1.2176345e+01   1.3702538e+00   1.0000000e+00
   1.1546026e+01   3.1712422e+00   1.0000000e+00
   1.4192677e+01   1.0883604e+00   1.0000000e+00
   1.4885372e+01   4.5755279e+00   1.0000000e+00
   1.0787382e+01  -4.0027833e-01   1.0000000e+00
   1.5394223e+01   2.7668189e+00   1.0000000e+00
   1.2648026e+01  -1.5934363e-01   1.0000000e+00
   1.5082312e+01   1.2415205e+00   1.0000000e+00
   1.2467742e+01   4.6562944e-01   1.0000000e+00
   1.1891367e+01   4.2658985e+00   1.0000000e+00
   1.7197481e+01   2.2808424e+00   1.0000000e+00
   9.7481281e+00   2.2537694e+00   1.0000000e+00
